s t h tm
0 1 0 0.012797892583
0 2 0 0.035417710281
0 3 0 0.010946673861
0 4 0 0.012402847759
0 5 0 0.000146722072
0 6 0 0.000239872939
0 7 0 0.001492762760
0 8 0 0.014293667214
0 9 0 0.009318087998
0 10 0 0.001201961877
0 11 0 0.000491911598
0 12 0 0.006343129607
0 13 0 0.000652154375
0 14 0 0.000133525209
0 15 0 0.001564176759
0 16 0 0.029675024267
0 17 0 0.017650851137
0 18 0 0.001697560428
0 19 0 0.004553438396
0 20 0 0.006811867390
0 21 0 0.019979721607
0 22 0 0.003869730535
0 23 0 0.006162935991
0 24 0 0.003911302056
0 25 0 0.008185353505
0 26 0 0.000017136566
0 27 0 0.003022504093
0 28 0 0.002977487073
0 29 0 0.001529906072
0 30 0 0.007707036690
0 31 0 0.019751937633
0 32 0 0.009355960362
0 33 0 0.000365860009
0 34 0 0.007746684759
0 35 0 0.002047290802
0 36 0 0.009436273563
0 37 0 0.002669174378
0 38 0 0.015922368387
0 39 0 0.006676869438
0 40 0 0.007633916172
0 41 0 0.007709983980
0 42 0 0.004483873504
0 43 0 0.002652588100
0 44 0 0.000584715900
0 45 0 0.000470045901
0 46 0 0.009110433037
0 47 0 0.004783299534
1 0 0 0.000064786809
1 2 0 0.002884714220
1 3 0 0.000891588573
1 4 0 0.001010191540
1 5 0 0.000011950271
1 6 0 0.000019537256
1 7 0 0.000121583070
1 8 0 0.001164195674
1 9 0 0.000758942934
1 10 0 0.000097897817
1 11 0 0.000040065390
1 12 0 0.000516637468
1 13 0 0.000053116901
1 14 0 0.000010875409
1 15 0 0.000127399623
1 16 0 0.002416981894
1 17 0 0.001437632780
1 18 0 0.000138263503
1 19 0 0.000370870064
1 20 0 0.000554815390
1 21 0 0.001627315447
1 22 0 0.000315183184
1 23 0 0.000501960995
1 24 0 0.000318569116
1 25 0 0.000666683574
1 26 0 0.000001395745
1 27 0 0.000246177985
1 28 0 0.000242511422
1 29 0 0.000124608332
1 30 0 0.000627725456
1 31 0 0.001608762817
1 32 0 0.000762027576
1 33 0 0.000029798696
1 34 0 0.000630954726
1 35 0 0.000166748467
1 36 0 0.000768568954
1 37 0 0.000217399861
1 38 0 0.001296850704
1 39 0 0.000543820029
1 40 0 0.000621769910
1 41 0 0.000627965508
1 42 0 0.000365204118
1 43 0 0.000216048936
1 44 0 0.000047624148
1 45 0 0.000038284465
1 46 0 0.000742029779
1 47 0 0.000389591876
2 0 0 0.000209910028
2 1 0 0.003377282386
2 3 0 0.002888757550
2 4 0 0.003273032572
2 5 0 0.000038719021
2 6 0 0.000063300942
2 7 0 0.000393930590
2 8 0 0.003772007790
2 9 0 0.002458984108
2 10 0 0.000317190088
2 11 0 0.000129812339
2 12 0 0.001673911526
2 13 0 0.000172099388
2 14 0 0.000035236453
2 15 0 0.000412776290
2 16 0 0.007831050005
2 17 0 0.004657947257
2 18 0 0.000447975391
2 19 0 0.001201623407
2 20 0 0.001797608443
2 21 0 0.005272521349
2 22 0 0.001021197255
2 23 0 0.001626359577
2 24 0 0.001032167715
2 25 0 0.002160062686
2 26 0 0.000004522231
2 27 0 0.000797619590
2 28 0 0.000785739885
2 29 0 0.000403732474
2 30 0 0.002033837923
2 31 0 0.005212410609
2 32 0 0.002468978383
2 33 0 0.000096548127
2 34 0 0.002044300796
2 35 0 0.000540267010
2 36 0 0.002490172526
2 37 0 0.000704378128
2 38 0 0.004201811662
2 39 0 0.001761983343
2 40 0 0.002014541883
2 41 0 0.002034615694
2 42 0 0.001183265675
2 43 0 0.000700001114
2 44 0 0.000154302804
2 45 0 0.000124042121
2 46 0 0.002404185285
2 47 0 0.001262282298
3 0 0 0.000061961450
3 1 0 0.000996909559
3 2 0 0.002758911571
3 4 0 0.000966136995
3 5 0 0.000011429119
3 6 0 0.000018685235
3 7 0 0.000116280822
3 8 0 0.001113424994
3 9 0 0.000725845364
3 10 0 0.000093628484
3 11 0 0.000038318135
3 12 0 0.000494106862
3 13 0 0.000050800468
3 14 0 0.000010401131
3 15 0 0.000121843714
3 16 0 0.002311577094
3 17 0 0.001374937483
3 18 0 0.000132233819
3 19 0 0.000354696387
3 20 0 0.000530619840
3 21 0 0.001556348072
3 22 0 0.000301438017
3 23 0 0.000480070430
3 24 0 0.000304676288
3 25 0 0.000637609442
3 26 0 0.000001334877
3 27 0 0.000235442140
3 28 0 0.000231935477
3 29 0 0.000119174151
3 30 0 0.000600350292
3 31 0 0.001538604524
3 32 0 0.000728795484
3 33 0 0.000028499172
3 34 0 0.000603438733
3 35 0 0.000159476551
3 36 0 0.000735051592
3 37 0 0.000207919033
3 38 0 0.001240294927
3 39 0 0.000520103988
3 40 0 0.000594654468
3 41 0 0.000600579875
3 42 0 0.000349277534
3 43 0 0.000206627022
3 44 0 0.000045547254
3 45 0 0.000036614876
3 46 0 0.000709669793
3 47 0 0.000372601739
4 0 0 0.000819102841
4 1 0 0.013178701475
4 2 0 0.036471585279
4 3 0 0.011272398641
4 5 0 0.000151087875
4 6 0 0.000247010501
4 7 0 0.001537180802
4 8 0 0.014718983769
4 9 0 0.009595353239
4 10 0 0.001237726967
4 11 0 0.000506548719
4 12 0 0.006531873195
4 13 0 0.000671559616
4 14 0 0.000137498331
4 15 0 0.001610719767
4 16 0 0.030558022233
4 17 0 0.018176062693
4 18 0 0.001748072346
4 19 0 0.004688928659
4 20 0 0.007014558548
4 21 0 0.020574230086
4 22 0 0.003984876664
4 23 0 0.006346317810
4 24 0 0.004027685171
4 25 0 0.008428913559
4 26 0 0.000017646475
4 27 0 0.003112440497
4 28 0 0.003066083969
4 29 0 0.001575429335
4 30 0 0.007936364142
4 31 0 0.020339668264
4 32 0 0.009634352518
4 33 0 0.000376746391
4 34 0 0.007977191964
4 35 0 0.002108209155
4 36 0 0.009717055486
4 37 0 0.002748597247
4 38 0 0.016396147912
4 39 0 0.006875543653
4 40 0 0.007861067880
4 41 0 0.007939399131
4 42 0 0.004617293822
4 43 0 0.002731517434
4 44 0 0.000602114469
4 45 0 0.000484032396
4 46 0 0.009381519381
4 47 0 0.004925629452
5 0 0 0.000227851285
5 1 0 0.003665942678
5 2 0 0.010145365329
5 3 0 0.003135663050
5 4 0 0.003552782510
5 6 0 0.000068711347
5 7 0 0.000427600300
5 8 0 0.004094405726
5 9 0 0.002669156367
5 10 0 0.000344300698
5 11 0 0.000140907552
5 12 0 0.001816982710
5 13 0 0.000186808925
5 14 0 0.000038248154
5 15 0 0.000448056764
5 16 0 0.008500379046
5 17 0 0.005056067480
5 18 0 0.000486264374
5 19 0 0.001304327571
5 20 0 0.001951252147
5 21 0 0.005723169941
5 22 0 0.001108480184
5 23 0 0.001765366440
5 24 0 0.001120388302
5 25 0 0.002344685780
5 26 0 0.000004908751
5 27 0 0.000865793073
5 28 0 0.000852897996
5 29 0 0.000438239962
5 30 0 0.002207672438
5 31 0 0.005657921465
5 32 0 0.002680004866
5 33 0 0.000104800209
5 34 0 0.002219029586
5 35 0 0.000586444266
5 36 0 0.002703010496
5 37 0 0.000764582153
5 38 0 0.004560945440
5 39 0 0.001912582128
5 40 0 0.002186727144
5 41 0 0.002208516687
5 42 0 0.001284400782
5 43 0 0.000759831032
5 44 0 0.000167491246
5 45 0 0.000134644147
5 46 0 0.002609673825
5 47 0 0.001370171049
6 0 0 0.000018555230
6 1 0 0.000298538624
6 2 0 0.000826194970
6 3 0 0.000255354929
6 4 0 0.000289323346
6 5 0 0.000003422611
6 7 0 0.000034821932
6 8 0 0.000333430814
6 9 0 0.000217364629
6 10 0 0.000028038370
6 11 0 0.000011474906
6 12 0 0.000147967267
6 13 0 0.000015212916
6 14 0 0.000003114765
6 15 0 0.000036487818
6 16 0 0.000692234354
6 17 0 0.000411744416
6 18 0 0.000039599282
6 19 0 0.000106218834
6 20 0 0.000158901593
6 21 0 0.000466070375
6 22 0 0.000090269864
6 23 0 0.000143763859
6 24 0 0.000091239610
6 25 0 0.000190941138
6 26 0 0.000000399748
6 27 0 0.000070506469
6 28 0 0.000069456349
6 29 0 0.000035688380
6 30 0 0.000179783360
6 31 0 0.000460756819
6 32 0 0.000218248084
6 33 0 0.000008534479
6 34 0 0.000180708237
6 35 0 0.000047757502
6 36 0 0.000220121563
6 37 0 0.000062264286
6 38 0 0.000371423804
6 39 0 0.000155752473
6 40 0 0.000178077665
6 41 0 0.000179852112
6 42 0 0.000104596082
6 43 0 0.000061877375
6 44 0 0.000013639768
6 45 0 0.000010964841
6 46 0 0.000212520626
6 47 0 0.000111580844
7 0 0 0.000184134594
7 1 0 0.002962576516
7 2 0 0.008198824616
7 3 0 0.002534038999
7 4 0 0.002871127826
7 5 0 0.000033964605
7 6 0 0.000055528043
7 8 0 0.003308832493
7 9 0 0.002157038630
7 10 0 0.000278241438
7 11 0 0.000113872322
7 12 0 0.001468367287
7 13 0 0.000150966827
7 14 0 0.000030909671
7 15 0 0.000362090344
7 16 0 0.006869453658
7 17 0 0.004085984996
7 18 0 0.000392967250
7 19 0 0.001054072737
7 20 0 0.001576875117
7 21 0 0.004625093831
7 22 0 0.000895801612
7 23 0 0.001426654375
7 24 0 0.000905424979
7 25 0 0.001894822598
7 26 0 0.000003966934
7 27 0 0.000699677669
7 28 0 0.000689256706
7 29 0 0.000354157044
7 30 0 0.001784097324
7 31 0 0.004572364255
7 32 0 0.002165805681
7 33 0 0.000084692715
7 34 0 0.001793275432
7 35 0 0.000473926126
7 36 0 0.002184397336
7 37 0 0.000617885584
7 38 0 0.003685859556
7 39 0 0.001545624522
7 40 0 0.001767170699
7 41 0 0.001784779590
7 42 0 0.001037969201
7 43 0 0.000614046036
7 44 0 0.000135355535
7 45 0 0.000108810645
7 46 0 0.002108968707
7 47 0 0.001107283154
8 0 0 0.000223401075
8 1 0 0.003594342411
8 2 0 0.009947214149
8 3 0 0.003074419782
8 4 0 0.003483392397
8 5 0 0.000041207516
8 6 0 0.000067369332
8 7 0 0.000419248752
8 9 0 0.002617024535
8 10 0 0.000337576091
8 11 0 0.000138155459
8 12 0 0.001781494853
8 13 0 0.000183160322
8 14 0 0.000037501121
8 15 0 0.000439305677
8 16 0 0.008334356426
8 17 0 0.004957316404
8 18 0 0.000476767046
8 19 0 0.001278852486
8 20 0 0.001913141847
8 21 0 0.005611389553
8 22 0 0.001086830233
8 23 0 0.001730886712
8 24 0 0.001098505771
8 25 0 0.002298891248
8 26 0 0.000004812877
8 27 0 0.000848883094
8 28 0 0.000836239873
8 29 0 0.000429680609
8 30 0 0.002164553942
8 31 0 0.005547415458
8 32 0 0.002627661149
8 33 0 0.000102753335
8 34 0 0.002175689271
8 35 0 0.000574990305
8 36 0 0.002650217452
8 37 0 0.000749648945
8 38 0 0.004471864693
8 39 0 0.001875227100
8 40 0 0.002144017734
8 41 0 0.002165381701
8 42 0 0.001259314891
8 43 0 0.000744990618
8 44 0 0.000164219941
8 45 0 0.000132014385
8 46 0 0.002558703758
8 47 0 0.001343409961
9 0 0 0.000370506685
9 1 0 0.005961152559
9 2 0 0.016497276635
9 3 0 0.005098870183
9 4 0 0.005777143946
9 5 0 0.000068341928
9 6 0 0.000111730832
9 7 0 0.000695316552
9 8 0 0.006657872016
9 10 0 0.000559863905
9 11 0 0.000229128355
9 12 0 0.002954577330
9 13 0 0.000303768116
9 14 0 0.000062194938
9 15 0 0.000728580602
9 16 0 0.013822380967
9 17 0 0.008221620532
9 18 0 0.000790709613
9 19 0 0.002120953959
9 20 0 0.003172911513
9 21 0 0.009306389143
9 22 0 0.001802488490
9 23 0 0.002870644633
9 24 0 0.001821852161
9 25 0 0.003812669991
9 26 0 0.000007982071
9 27 0 0.001407857418
9 28 0 0.001386888862
9 29 0 0.000712617600
9 30 0 0.003589873973
9 31 0 0.009200289251
9 32 0 0.004357928987
9 33 0 0.000170414567
9 34 0 0.003608341716
9 35 0 0.000953611130
9 36 0 0.004395338212
9 37 0 0.001243279358
9 38 0 0.007416507558
9 39 0 0.003110030584
9 40 0 0.003555815040
9 41 0 0.003591246796
9 42 0 0.002088551208
9 43 0 0.001235553607
9 44 0 0.000272355832
9 45 0 0.000218943495
9 46 0 0.004243564388
9 47 0 0.002228021377
10 0 0 0.000421957797
10 1 0 0.006788959292
10 2 0 0.018788202181
10 3 0 0.005806934443
10 4 0 0.006579397975
10 5 0 0.000077832359
10 6 0 0.000127246545
10 7 0 0.000791873001
10 8 0 0.007582430016
10 9 0 0.004943010710
10 11 0 0.000260946698
10 12 0 0.003364870303
10 13 0 0.000345951451
10 14 0 0.000070831756
10 15 0 0.000829756327
10 16 0 0.015741852063
10 17 0 0.009363331429
10 18 0 0.000900513000
10 19 0 0.002415484246
10 20 0 0.003613523876
10 21 0 0.010598738487
10 22 0 0.002052794466
10 23 0 0.003269282133
10 24 0 0.002074847110
10 25 0 0.004342123626
10 26 0 0.000009090516
10 27 0 0.001603362203
10 28 0 0.001579481809
10 29 0 0.000811576592
10 30 0 0.004088388617
10 31 0 0.010477904832
10 32 0 0.004963101044
10 33 0 0.000194079509
10 34 0 0.004109420918
10 35 0 0.001086036144
10 36 0 0.005005705172
10 37 0 0.001415929699
10 38 0 0.008446414917
10 39 0 0.003541910867
10 40 0 0.004049600026
10 41 0 0.004089952080
10 42 0 0.002378581825
10 43 0 0.001407131097
10 44 0 0.000310177040
10 45 0 0.000249347497
10 46 0 0.004832854989
10 47 0 0.002537419783
11 0 0 0.000046403419
11 1 0 0.000746593436
11 2 0 0.002066170648
11 3 0 0.000638598488
11 4 0 0.000723547620
11 5 0 0.000008559357
11 6 0 0.000013993520
11 7 0 0.000087083625
11 8 0 0.000833852765
11 9 0 0.000543591321
11 10 0 0.000070119111
11 12 0 0.000370040528
11 13 0 0.000038044871
11 14 0 0.000007789489
11 15 0 0.000091249719
11 16 0 0.001731158328
11 17 0 0.001029701532
11 18 0 0.000099030951
11 19 0 0.000265634923
11 20 0 0.000397385386
11 21 0 0.001165561354
11 22 0 0.000225749310
11 23 0 0.000359528534
11 24 0 0.000228174477
11 25 0 0.000477510743
11 26 0 0.000000999700
11 27 0 0.000176324477
11 28 0 0.000173698309
11 29 0 0.000089250462
11 30 0 0.000449607071
11 31 0 0.001152273070
11 32 0 0.000545800689
11 33 0 0.000021343255
11 34 0 0.000451920029
11 35 0 0.000119433248
11 36 0 0.000550485938
11 37 0 0.000155712205
11 38 0 0.000928866659
11 39 0 0.000389509981
11 40 0 0.000445341424
11 41 0 0.000449779008
11 42 0 0.000261576701
11 43 0 0.000154744607
11 44 0 0.000034110698
11 45 0 0.000027421170
11 46 0 0.000531477308
11 47 0 0.000279044383
12 0 0 0.000717351501
12 1 0 0.011541604791
12 2 0 0.031940978721
12 3 0 0.009872108448
12 4 0 0.011185339007
12 5 0 0.000132319299
12 6 0 0.000216326137
12 7 0 0.001346227725
12 8 0 0.012890548731
12 9 0 0.008403390510
12 10 0 0.001083972918
12 11 0 0.000443623762
12 13 0 0.000588136524
12 14 0 0.000120417888
12 15 0 0.001410631466
12 16 0 0.026762015701
12 17 0 0.015918179241
12 18 0 0.001530921708
12 19 0 0.004106456283
12 20 0 0.006143189653
12 21 0 0.018018439296
12 22 0 0.003489863678
12 23 0 0.005557959726
12 24 0 0.003527354387
12 25 0 0.007381849365
12 26 0 0.000015454379
12 27 0 0.002725804072
12 28 0 0.002685206087
12 29 0 0.001379724914
12 30 0 0.006950485871
12 31 0 0.017813015427
12 32 0 0.008437545185
12 33 0 0.000329945857
12 34 0 0.006986241942
12 35 0 0.001846321273
12 36 0 0.008509974549
12 37 0 0.002407158490
12 38 0 0.014359370660
12 39 0 0.006021443593
12 40 0 0.006884543130
12 41 0 0.006953143845
12 42 0 0.004043720134
12 43 0 0.002392200382
12 44 0 0.000527318056
12 45 0 0.000423904482
12 46 0 0.008216119717
12 47 0 0.004313753414
13 0 0 0.000385268516
13 1 0 0.006198658466
13 2 0 0.017154565742
13 3 0 0.005302020794
13 4 0 0.006007318530
13 5 0 0.000071064826
13 6 0 0.000116182443
13 7 0 0.000723019549
13 8 0 0.006923136814
13 9 0 0.004513215335
13 10 0 0.000582170160
13 11 0 0.000238257351
13 12 0 0.003072294425
13 14 0 0.000064672927
13 15 0 0.000757608914
13 16 0 0.014373096133
13 17 0 0.008549188635
13 18 0 0.000822213286
13 19 0 0.002205457600
13 20 0 0.003299327541
13 21 0 0.009677176901
13 22 0 0.001874303740
13 23 0 0.002985017659
13 24 0 0.001894438904
13 25 0 0.003964575454
13 26 0 0.000008300095
13 27 0 0.001463949667
13 28 0 0.001442145676
13 29 0 0.000741009909
13 30 0 0.003732902735
13 31 0 0.009566849747
13 32 0 0.004531558812
13 33 0 0.000177204272
13 34 0 0.003752106275
13 35 0 0.000991605171
13 36 0 0.004570458505
13 37 0 0.001292814442
13 38 0 0.007711998125
13 39 0 0.003233941291
13 40 0 0.003697486816
13 41 0 0.003734330255
13 42 0 0.002171763849
13 43 0 0.001284780879
13 44 0 0.000283207109
13 45 0 0.000227666702
13 46 0 0.004412637667
13 47 0 0.002316790828
14 0 0 0.000276627169
14 1 0 0.004450707156
14 2 0 0.012317172970
14 3 0 0.003806911128
14 4 0 0.004313322910
14 5 0 0.000051025352
14 6 0 0.000083420313
14 7 0 0.000519136245
14 8 0 0.004970890836
14 9 0 0.003240539852
14 10 0 0.000418004784
14 11 0 0.000171071483
14 12 0 0.002205942279
14 13 0 0.000226798914
14 15 0 0.000543971802
14 16 0 0.010320046211
14 17 0 0.006138414505
14 18 0 0.000590358475
14 19 0 0.001583543597
14 20 0 0.002368954634
14 21 0 0.006948322886
14 22 0 0.001345771366
14 23 0 0.002143276570
14 24 0 0.001360228642
14 25 0 0.002846610189
14 26 0 0.000005959562
14 27 0 0.001051132482
14 28 0 0.001035476969
14 29 0 0.000532053528
14 30 0 0.002680266546
14 31 0 0.006869106737
14 32 0 0.003253710677
14 33 0 0.000127234679
14 34 0 0.002694054905
14 35 0 0.000711983771
14 36 0 0.003281641098
14 37 0 0.000928255447
14 38 0 0.005537302213
14 39 0 0.002322006564
14 40 0 0.002654837514
14 41 0 0.002681291521
14 42 0 0.001559351101
14 43 0 0.000922487258
14 44 0 0.000203345920
14 45 0 0.000163467277
14 46 0 0.003168323944
14 47 0 0.001663482118
15 0 0 0.000189839661
15 1 0 0.003054366432
15 2 0 0.008452849927
15 3 0 0.002612551478
15 4 0 0.002960084374
15 5 0 0.000035016935
15 6 0 0.000057248476
15 7 0 0.000356265255
15 8 0 0.003411350506
15 9 0 0.002223870454
15 10 0 0.000286862230
15 11 0 0.000117400444
15 12 0 0.001513861913
15 13 0 0.000155644253
15 14 0 0.000031867350
15 16 0 0.007082290886
15 17 0 0.004212581631
15 18 0 0.000405142609
15 19 0 0.001086731217
15 20 0 0.001625731655
15 21 0 0.004768393750
15 22 0 0.000923556357
15 23 0 0.001470856603
15 24 0 0.000933477885
15 25 0 0.001953530147
15 26 0 0.000004089842
15 27 0 0.000721355878
15 28 0 0.000710612041
15 29 0 0.000365129940
15 30 0 0.001839374257
15 31 0 0.004714030446
15 32 0 0.002232909136
15 33 0 0.000087316761
15 34 0 0.001848836731
15 35 0 0.000488609844
15 36 0 0.002252076819
15 37 0 0.000637029618
15 38 0 0.003800059049
15 39 0 0.001593512819
15 40 0 0.001821923192
15 41 0 0.001840077662
15 42 0 0.001070128744
15 43 0 0.000633071109
15 44 0 0.000139549274
15 45 0 0.000112181940
15 46 0 0.002174311174
15 47 0 0.001141590261
16 0 0 0.000070845016
16 1 0 0.001139838951
16 2 0 0.003154463554
16 3 0 0.000974960929
16 4 0 0.001104654449
16 5 0 0.000013067740
16 6 0 0.000021364183
16 7 0 0.000132952291
16 8 0 0.001273059493
16 9 0 0.000829911611
16 10 0 0.000107052232
16 11 0 0.000043811901
16 12 0 0.000564948186
16 13 0 0.000058083857
16 14 0 0.000011892367
16 15 0 0.000139312749
16 17 0 0.001572065675
16 18 0 0.000151192510
16 19 0 0.000405550086
16 20 0 0.000606696120
16 21 0 0.001779485549
16 22 0 0.000344655932
16 23 0 0.000548899317
16 24 0 0.000348358482
16 25 0 0.000729025087
16 26 0 0.000001526261
16 27 0 0.000269198063
16 28 0 0.000265188641
16 29 0 0.000136260444
16 30 0 0.000686424000
16 31 0 0.001759198065
16 32 0 0.000833284697
16 33 0 0.000032585169
16 34 0 0.000689955238
16 35 0 0.000182341099
16 36 0 0.000840437759
16 37 0 0.000237728900
16 38 0 0.001418119082
16 39 0 0.000594672584
16 40 0 0.000679911551
16 41 0 0.000686686499
16 42 0 0.000399354318
16 43 0 0.000236251650
16 44 0 0.000052077477
16 45 0 0.000041864442
16 46 0 0.000811416908
16 47 0 0.000426022573
17 0 0 0.000102257119
17 1 0 0.001645234239
17 2 0 0.004553126950
17 3 0 0.001407250649
17 4 0 0.001594449216
17 5 0 0.000018861869
17 6 0 0.000030836887
17 7 0 0.000191902252
17 8 0 0.001837523682
17 9 0 0.001197887646
17 10 0 0.000154518318
17 11 0 0.000063237740
17 12 0 0.000815441601
17 13 0 0.000083837765
17 14 0 0.000017165345
17 15 0 0.000201082885
17 16 0 0.003814875430
17 18 0 0.000218230034
17 19 0 0.000585367685
17 20 0 0.000875700229
17 21 0 0.002568494919
17 22 0 0.000497473559
17 23 0 0.000792276794
17 24 0 0.000502817790
17 25 0 0.001052268861
17 26 0 0.000002202993
17 27 0 0.000388558287
17 28 0 0.000382771120
17 29 0 0.000196677213
17 30 0 0.000990778799
17 31 0 0.002539212130
17 32 0 0.001202756331
17 33 0 0.000047033167
17 34 0 0.000995875760
17 35 0 0.000263189654
17 36 0 0.001213081002
17 37 0 0.000343135954
17 38 0 0.002046901509
17 39 0 0.000858345555
17 40 0 0.000981378784
17 41 0 0.000991157688
17 42 0 0.000576424764
17 43 0 0.000341003703
17 44 0 0.000075168205
17 45 0 0.000060426793
17 46 0 0.001171192543
17 47 0 0.000614917504
18 0 0 0.000147506648
18 1 0 0.002373262524
18 2 0 0.006567919207
18 3 0 0.002029969440
18 4 0 0.002300004754
18 5 0 0.000027208386
18 6 0 0.000044482437
18 7 0 0.000276820413
18 8 0 0.002650641464
18 9 0 0.001727961764
18 10 0 0.000222893813
18 11 0 0.000091220906
18 12 0 0.001176280523
18 13 0 0.000120936594
18 14 0 0.000024761137
18 15 0 0.000290063544
18 16 0 0.005502985944
18 17 0 0.003273203245
18 19 0 0.000844397203
18 20 0 0.001263204039
18 21 0 0.003705072865
18 22 0 0.000717609278
18 23 0 0.001142865119
18 24 0 0.000725318370
18 25 0 0.001517905592
18 26 0 0.000003177833
18 27 0 0.000560498195
18 28 0 0.000552150164
18 29 0 0.000283708331
18 30 0 0.001429205725
18 31 0 0.003662832225
18 32 0 0.001734984878
18 33 0 0.000067845690
18 34 0 0.001436558129
18 35 0 0.000379653017
18 36 0 0.001749878292
18 37 0 0.000494976144
18 38 0 0.002952670523
18 39 0 0.001238169794
18 40 0 0.001415646134
18 41 0 0.001429752276
18 42 0 0.000831496974
18 43 0 0.000491900357
18 44 0 0.000108430691
18 45 0 0.000087166095
18 46 0 0.001689453882
18 47 0 0.000887023035
19 0 0 0.000261190652
19 1 0 0.004202346099
19 2 0 0.011629842622
19 3 0 0.003594475567
19 4 0 0.004072628252
19 5 0 0.000048178005
19 6 0 0.000078765242
19 7 0 0.000490167090
19 8 0 0.004693502174
19 9 0 0.003059709284
19 10 0 0.000394679028
19 11 0 0.000161525249
19 12 0 0.002082844952
19 13 0 0.000214142944
19 14 0 0.000043844652
19 15 0 0.000513616758
19 16 0 0.009744160740
19 17 0 0.005795874980
19 18 0 0.000557414933
19 20 0 0.002236760792
19 21 0 0.006560588363
19 22 0 0.001270673817
19 23 0 0.002023676152
19 24 0 0.001284324339
19 25 0 0.002687761922
19 26 0 0.000005627003
19 27 0 0.000992476550
19 28 0 0.000977694656
19 29 0 0.000502363555
19 30 0 0.002530700688
19 31 0 0.006485792682
19 32 0 0.003072145142
19 33 0 0.000120134653
19 34 0 0.002543719621
19 35 0 0.000672253221
19 36 0 0.003098516974
19 37 0 0.000876456375
19 38 0 0.005228306320
19 39 0 0.002192432547
19 40 0 0.002506690663
19 41 0 0.002531668467
19 42 0 0.001472335246
19 43 0 0.000871010065
19 44 0 0.000191998688
19 45 0 0.000154345377
19 46 0 0.002991523212
19 47 0 0.001570655481
20 0 0 0.000331606374
20 1 0 0.005335278053
20 2 0 0.014765191311
20 3 0 0.004563528599
20 4 0 0.005170588909
20 5 0 0.000061166559
20 6 0 0.000099999966
20 7 0 0.000622313740
20 8 0 0.005958847404
20 9 0 0.003884591942
20 10 0 0.000501082564
20 11 0 0.000205071666
20 12 0 0.002644369764
20 13 0 0.000271874834
20 14 0 0.000055664955
20 15 0 0.000652085324
20 16 0 0.012371138817
20 17 0 0.007358414527
20 18 0 0.000707691273
20 19 0 0.001898270343
20 21 0 0.008329290898
20 22 0 0.001613241263
20 23 0 0.002569249345
20 24 0 0.001630571899
20 25 0 0.003412369391
20 26 0 0.000007144016
20 27 0 0.001260043374
20 28 0 0.001241276353
20 29 0 0.000637798312
20 30 0 0.003212965216
20 31 0 0.008234330667
20 32 0 0.003900380447
20 33 0 0.000152522368
20 34 0 0.003229493990
20 35 0 0.000853489402
20 36 0 0.003933861995
20 37 0 0.001112744726
20 38 0 0.006637832133
20 39 0 0.002783501639
20 40 0 0.003182482206
20 41 0 0.003214193904
20 42 0 0.001869269627
20 43 0 0.001105830119
20 44 0 0.000243760595
20 45 0 0.000195956136
20 46 0 0.003798023239
20 47 0 0.001994096517
21 0 0 0.000296138338
21 1 0 0.004764626075
21 2 0 0.013185932359
21 3 0 0.004075421588
21 4 0 0.004617551793
21 5 0 0.000054624291
21 6 0 0.000089304145
21 7 0 0.000555752154
21 8 0 0.005321499542
21 9 0 0.003469102804
21 10 0 0.000447487652
21 11 0 0.000183137560
21 12 0 0.002361532614
21 13 0 0.000242795579
21 14 0 0.000049711129
21 15 0 0.000582339422
21 16 0 0.011047943518
21 17 0 0.006571371422
21 18 0 0.000631997856
21 19 0 0.001695234678
21 20 0 0.002536042616
21 22 0 0.001440691808
21 23 0 0.002294446944
21 24 0 0.001456168790
21 25 0 0.003047388349
21 26 0 0.000006379904
21 27 0 0.001125271346
21 28 0 0.001108511613
21 29 0 0.000569580524
21 30 0 0.002869312095
21 31 0 0.007353601108
21 32 0 0.003483202599
21 33 0 0.000136208843
21 34 0 0.002884072980
21 35 0 0.000762201673
21 36 0 0.003513103019
21 37 0 0.000993727503
21 38 0 0.005927861256
21 39 0 0.002485783188
21 40 0 0.002842089493
21 41 0 0.002870409364
21 42 0 0.001669335828
21 43 0 0.000987552470
21 44 0 0.000217688389
21 45 0 0.000174997011
21 46 0 0.003391793338
21 47 0 0.001780811453
22 0 0 0.000124407881
22 1 0 0.002001622065
22 2 0 0.005539417521
22 3 0 0.001712086877
22 4 0 0.001939836078
22 5 0 0.000022947695
22 6 0 0.000037516721
22 7 0 0.000233471789
22 8 0 0.002235564919
22 9 0 0.001457372018
22 10 0 0.000187989812
22 11 0 0.000076936191
22 12 0 0.000992081165
22 13 0 0.000101998558
22 14 0 0.000020883673
22 15 0 0.000244641115
22 16 0 0.004641247220
22 17 0 0.002760636791
22 18 0 0.000265502651
22 19 0 0.000712169032
22 20 0 0.001065392914
22 21 0 0.003124877895
22 23 0 0.000963898438
22 24 0 0.000611737319
22 25 0 0.001280209541
22 26 0 0.000002680201
22 27 0 0.000472727119
22 28 0 0.000465686345
22 29 0 0.000239281095
22 30 0 0.001205399608
22 31 0 0.003089251917
22 32 0 0.001463295350
22 33 0 0.000057221411
22 34 0 0.001211600664
22 35 0 0.000320201347
22 36 0 0.001475856533
22 37 0 0.000417465477
22 38 0 0.002490297812
22 39 0 0.001044278901
22 40 0 0.001193963378
22 41 0 0.001205860571
22 42 0 0.000701288910
22 43 0 0.000414871342
22 44 0 0.000091451014
22 45 0 0.000073516342
22 46 0 0.001424894269
22 47 0 0.000748119882
23 0 0 0.000194620072
23 1 0 0.003131279374
23 2 0 0.008665703744
23 3 0 0.002678338942
23 4 0 0.003034623170
23 5 0 0.000035898707
23 6 0 0.000058690068
23 7 0 0.000365236480
23 8 0 0.003497252773
23 9 0 0.002279870421
23 10 0 0.000294085797
23 11 0 0.000120356741
23 12 0 0.001551982936
23 13 0 0.000159563579
23 14 0 0.000032669811
23 15 0 0.000382709449
23 16 0 0.007260632234
23 17 0 0.004318659947
23 18 0 0.000415344630
23 19 0 0.001114096531
23 20 0 0.001666669705
23 21 0 0.004888468141
23 22 0 0.000946812714
23 24 0 0.000956984079
23 25 0 0.002002722592
23 26 0 0.000004192829
23 27 0 0.000739520563
23 28 0 0.000728506182
23 29 0 0.000374324389
23 30 0 0.001885692106
23 31 0 0.004832735898
23 32 0 0.002289136709
23 33 0 0.000089515511
23 34 0 0.001895392858
23 35 0 0.000500913679
23 36 0 0.002308787059
23 37 0 0.000653070857
23 38 0 0.003895749507
23 39 0 0.001633639556
23 40 0 0.001867801601
23 41 0 0.001886413224
23 42 0 0.001097075986
23 43 0 0.000649012668
23 44 0 0.000143063307
23 45 0 0.000115006828
23 46 0 0.002229063174
23 47 0 0.001170336997
24 0 0 0.000552390115
24 1 0 0.008887509670
24 2 0 0.024595865342
24 3 0 0.007601928925
24 4 0 0.008613170386
24 5 0 0.000101891294
24 6 0 0.000166580009
24 7 0 0.001036650634
24 8 0 0.009926251902
24 9 0 0.006470955797
24 10 0 0.000834703662
24 11 0 0.000341608515
24 12 0 0.004404992881
24 13 0 0.000452889277
24 14 0 0.000092726719
24 15 0 0.001086244159
24 16 0 0.020607851131
24 17 0 0.012257651731
24 18 0 0.001178872586
24 19 0 0.003162139978
24 20 0 0.004730508317
24 21 0 0.013874938225
24 22 0 0.002687338351
24 23 0 0.004279857239
24 25 0 0.005684327163
24 26 0 0.000011900506
24 27 0 0.002098981077
24 28 0 0.002067718961
24 29 0 0.001062444845
24 30 0 0.005352159558
24 31 0 0.013716753409
24 32 0 0.006497256299
24 33 0 0.000254071860
24 34 0 0.005379693201
24 35 0 0.001421743204
24 36 0 0.006553029884
24 37 0 0.001853610893
24 38 0 0.011057305107
24 39 0 0.004636758850
24 40 0 0.005301380939
24 41 0 0.005354206307
24 42 0 0.003113830568
24 43 0 0.001842092535
24 44 0 0.000406056558
24 45 0 0.000326423859
24 46 0 0.006326749595
24 47 0 0.003321767282
25 0 0 0.000058799110
25 1 0 0.000946030061
25 2 0 0.002618104380
25 3 0 0.000809186550
25 4 0 0.000916828044
25 5 0 0.000010845808
25 6 0 0.000017731592
25 7 0 0.000110346171
25 8 0 0.001056598872
25 9 0 0.000688800231
25 10 0 0.000088849946
25 11 0 0.000036362484
25 12 0 0.000468889018
25 13 0 0.000048207753
25 14 0 0.000009870286
25 15 0 0.000115625149
25 16 0 0.002193600614
25 17 0 0.001304764490
25 18 0 0.000125484972
25 19 0 0.000336593668
25 20 0 0.000503538476
25 21 0 0.001476916386
25 22 0 0.000286053457
25 23 0 0.000455568968
25 24 0 0.000289126456
25 26 0 0.000001266748
25 27 0 0.000223425827
25 28 0 0.000220098134
25 29 0 0.000113091833
25 30 0 0.000569710079
25 31 0 0.001460078419
25 32 0 0.000691599785
25 33 0 0.000027044653
25 34 0 0.000572640895
25 35 0 0.000151337310
25 36 0 0.000697536598
25 37 0 0.000197307423
25 38 0 0.001176993716
25 39 0 0.000493559323
25 40 0 0.000564304954
25 41 0 0.000569927945
25 42 0 0.000331451378
25 43 0 0.000196081352
25 44 0 0.000043222649
25 45 0 0.000034746154
25 46 0 0.000673450216
25 47 0 0.000353585180
26 0 0 0.000253143475
26 1 0 0.004072873531
26 2 0 0.011271531918
26 3 0 0.003483731242
26 4 0 0.003947152237
26 5 0 0.000046693660
26 6 0 0.000076338517
26 7 0 0.000475065242
26 8 0 0.004548897287
26 9 0 0.002965440890
26 10 0 0.000382519128
26 11 0 0.000156548722
26 12 0 0.002018673349
26 13 0 0.000207545287
26 14 0 0.000042493816
26 15 0 0.000497792435
26 16 0 0.009443947125
26 17 0 0.005617306437
26 18 0 0.000540241207
26 19 0 0.001449111922
26 20 0 0.002167847105
26 21 0 0.006358459314
26 22 0 0.001231524875
26 23 0 0.001961327516
26 24 0 0.001244754831
26 25 0 0.002604953075
26 27 0 0.000961898753
26 28 0 0.000947572283
26 29 0 0.000486885939
26 30 0 0.002452730833
26 31 0 0.006285968056
26 32 0 0.002977493604
26 33 0 0.000116433353
26 34 0 0.002465348658
26 35 0 0.000651541374
26 36 0 0.003003052930
26 37 0 0.000849453111
26 38 0 0.005067224337
26 39 0 0.002124884595
26 40 0 0.002429460547
26 41 0 0.002453668795
26 42 0 0.001426973198
26 43 0 0.000844174601
26 44 0 0.000186083287
26 45 0 0.000149590059
26 46 0 0.002899355603
26 47 0 0.001522264227
27 0 0 0.000167152314
27 1 0 0.002689345384
27 2 0 0.007442667225
27 3 0 0.002300330827
27 4 0 0.002606330781
27 5 0 0.000030832133
27 6 0 0.000050406829
27 7 0 0.000313688727
27 8 0 0.003003667026
27 9 0 0.001958100272
27 10 0 0.000252579916
27 11 0 0.000103370158
27 12 0 0.001332943391
27 13 0 0.000137043529
27 14 0 0.000028058948
27 15 0 0.000328695644
27 16 0 0.006235900874
27 17 0 0.003709144668
27 18 0 0.000356724849
27 19 0 0.000956858206
27 20 0 0.001431443810
27 21 0 0.004198532824
27 22 0 0.000813184037
27 23 0 0.001295077557
27 24 0 0.000821919864
27 25 0 0.001720067779
27 26 0 0.000003601073
27 28 0 0.000625688258
27 29 0 0.000321494012
27 30 0 0.001619554424
27 31 0 0.004150666367
27 32 0 0.001966058760
27 33 0 0.000076881715
27 34 0 0.001627886058
27 35 0 0.000430217087
27 36 0 0.001982935752
27 37 0 0.000560899519
27 38 0 0.003345921811
27 39 0 0.001403075381
27 40 0 0.001604188900
27 41 0 0.001620173767
27 42 0 0.000942239860
27 43 0 0.000557414083
27 44 0 0.000122872027
27 45 0 0.000098775307
27 46 0 0.001914463720
27 47 0 0.001005161158
28 0 0 0.000168674811
28 1 0 0.002713841131
28 2 0 0.007510458327
28 3 0 0.002321283256
28 4 0 0.002630070394
28 5 0 0.000031112966
28 6 0 0.000050865957
28 7 0 0.000316545943
28 8 0 0.003031025752
28 9 0 0.001975935515
28 10 0 0.000254880525
28 11 0 0.000104311700
28 12 0 0.001345084428
28 13 0 0.000138291782
28 14 0 0.000028314521
28 15 0 0.000331689549
28 16 0 0.006292700215
28 17 0 0.003742929197
28 18 0 0.000359974057
28 19 0 0.000965573693
28 20 0 0.001444482033
28 21 0 0.004236774916
28 22 0 0.000820590876
28 23 0 0.001306873696
28 24 0 0.000829406273
28 25 0 0.001735734916
28 26 0 0.000003633873
28 27 0 0.000640933331
28 29 0 0.000324422322
28 30 0 0.001634306041
28 31 0 0.004188472470
28 32 0 0.001983966492
28 33 0 0.000077581987
28 34 0 0.001642713563
28 35 0 0.000434135695
28 36 0 0.002000997207
28 37 0 0.000566008440
28 38 0 0.003376397946
28 39 0 0.001415855211
28 40 0 0.001618800561
28 41 0 0.001634931025
28 42 0 0.000950822197
28 43 0 0.000562491257
28 44 0 0.000123991200
28 45 0 0.000099674997
28 46 0 0.001931901501
28 47 0 0.001014316610
29 0 0 0.000414639859
29 1 0 0.006671219585
29 2 0 0.018462361749
29 3 0 0.005706225817
29 4 0 0.006465292652
29 5 0 0.000076482527
29 6 0 0.000125039731
29 7 0 0.000778139689
29 8 0 0.007450929288
29 9 0 0.004857284959
29 10 0 0.000626552502
29 11 0 0.000256421146
29 12 0 0.003306513959
29 13 0 0.000339951677
29 14 0 0.000069603334
29 15 0 0.000815366011
29 16 0 0.015468843937
29 17 0 0.009200944846
29 18 0 0.000884895564
29 19 0 0.002373592934
29 20 0 0.003550855178
29 21 0 0.010414926460
29 22 0 0.002017193219
29 23 0 0.003212583558
29 24 0 0.002038863407
29 25 0 0.004266818952
29 26 0 0.000008932861
29 27 0 0.001575555379
29 28 0 0.001552089139
29 30 0 0.004017484424
29 31 0 0.010296188402
29 32 0 0.004877026870
29 33 0 0.000190713623
29 34 0 0.004038151965
29 35 0 0.001067201213
29 36 0 0.004918892122
29 37 0 0.001391373484
29 38 0 0.008299930253
29 39 0 0.003480484140
29 40 0 0.003979368536
29 41 0 0.004019020772
29 42 0 0.002337330505
29 43 0 0.001382727474
29 44 0 0.000304797695
29 45 0 0.000245023108
29 46 0 0.004749039649
29 47 0 0.002493413765
30 0 0 0.000228117720
30 1 0 0.003670229395
30 2 0 0.010157228665
30 3 0 0.003139329693
30 4 0 0.003556936905
30 5 0 0.000042077526
30 6 0 0.000068791694
30 7 0 0.000428100308
30 8 0 0.004099193460
30 9 0 0.002672277507
30 10 0 0.000344703301
30 11 0 0.000141072321
30 12 0 0.001819107372
30 13 0 0.000187027367
30 14 0 0.000038292879
30 15 0 0.000448580693
30 16 0 0.008510318841
30 17 0 0.005061979719
30 18 0 0.000486832980
30 19 0 0.001305852768
30 20 0 0.001953533816
30 21 0 0.005729862247
30 22 0 0.001109776369
30 23 0 0.001767430746
30 24 0 0.001121698411
30 25 0 0.002347427504
30 26 0 0.000004914491
30 27 0 0.000866805476
30 28 0 0.000853895320
30 29 0 0.000438752412
30 31 0 0.005664537473
30 32 0 0.002683138690
30 33 0 0.000104922756
30 34 0 0.002221624376
30 35 0 0.000587130016
30 36 0 0.002706171222
30 37 0 0.000765476206
30 38 0 0.004566278715
30 39 0 0.001914818578
30 40 0 0.002189284162
30 41 0 0.002211099184
30 42 0 0.001285902678
30 43 0 0.000760719529
30 44 0 0.000167687099
30 45 0 0.000134801591
30 46 0 0.002612725409
30 47 0 0.001371773239
31 0 0 0.000488208298
31 1 0 0.007854876206
31 2 0 0.021738089139
31 3 0 0.006718666178
31 4 0 0.007612412209
31 5 0 0.000090052617
31 6 0 0.000147225196
31 7 0 0.000916202930
31 8 0 0.008772927712
31 9 0 0.005719100018
31 10 0 0.000737720034
31 11 0 0.000301917263
31 12 0 0.003893179873
31 13 0 0.000400268392
31 14 0 0.000081952867
31 15 0 0.000960034218
31 16 0 0.018213439480
31 17 0 0.010833443844
31 18 0 0.001041900213
31 19 0 0.002794733170
31 20 0 0.004180873900
31 21 0 0.012262818963
31 22 0 0.002375098408
31 23 0 0.003782583653
31 24 0 0.002400613480
31 25 0 0.005023869209
31 26 0 0.000010517795
31 27 0 0.001855101950
31 28 0 0.001827472157
31 29 0 0.000939000130
31 30 0 0.004730295923
31 32 0 0.005742344684
31 33 0 0.000224551430
31 34 0 0.004754630452
31 35 0 0.001256551866
31 36 0 0.005791637975
31 37 0 0.001638241154
31 38 0 0.009772564645
31 39 0 0.004098017118
31 40 0 0.004685417236
31 41 0 0.004732104862
31 42 0 0.002752036796
31 43 0 0.001628061106
31 44 0 0.000358877134
31 45 0 0.000288496902
31 46 0 0.005591649033
31 47 0 0.002935813491
32 0 0 0.000009512640
32 1 0 0.000153050674
32 2 0 0.000423562271
32 3 0 0.000130911852
32 4 0 0.000148326312
32 5 0 0.000001754657
32 6 0 0.000002868653
32 7 0 0.000017852029
32 8 0 0.000170938722
32 9 0 0.000111435507
32 10 0 0.000014374326
32 11 0 0.000005882797
32 12 0 0.000075857823
32 13 0 0.000007799149
32 14 0 0.000001596835
32 15 0 0.000018706073
32 16 0 0.000354885185
32 17 0 0.000211087462
32 18 0 0.000020301215
32 19 0 0.000054454811
32 20 0 0.000081463482
32 21 0 0.000238938548
32 22 0 0.000046278312
32 23 0 0.000073702878
32 24 0 0.000046775468
32 25 0 0.000097889076
32 26 0 0.000000204937
32 27 0 0.000036146286
32 28 0 0.000035607925
32 29 0 0.000018296228
32 30 0 0.000092168859
32 31 0 0.000236214467
32 33 0 0.000004375339
32 34 0 0.000092643013
32 35 0 0.000024483659
32 36 0 0.000112848895
32 37 0 0.000031920798
32 38 0 0.000190416446
32 39 0 0.000079849035
32 40 0 0.000091294407
32 41 0 0.000092204106
32 42 0 0.000053622880
32 43 0 0.000031722441
32 44 0 0.000006992648
32 45 0 0.000005621304
32 46 0 0.000108952151
32 47 0 0.000057203732
33 0 0 0.000136646560
33 1 0 0.002198532510
33 2 0 0.006084360139
33 3 0 0.001880514171
33 4 0 0.002130668299
33 5 0 0.000025205185
33 6 0 0.000041207445
33 7 0 0.000256439678
33 8 0 0.002455489594
33 9 0 0.001600741627
33 10 0 0.000206483391
33 11 0 0.000084504822
33 12 0 0.001089677583
33 13 0 0.000112032711
33 14 0 0.000022938114
33 15 0 0.000268707792
33 16 0 0.005097831942
33 17 0 0.003032215641
33 18 0 0.000291621590
33 19 0 0.000782228971
33 20 0 0.001170201407
33 21 0 0.003432289122
33 22 0 0.000664775730
33 23 0 0.001058722368
33 24 0 0.000671917245
33 25 0 0.001406150714
33 26 0 0.000002943867
33 27 0 0.000519231855
33 28 0 0.000511498443
33 29 0 0.000262820477
33 30 0 0.001323981320
33 31 0 0.003393158424
33 32 0 0.001607247669
33 34 0 0.001330792408
33 35 0 0.000351701294
33 36 0 0.001621044564
33 37 0 0.000458533826
33 38 0 0.002735281947
33 39 0 0.001147010293
33 40 0 0.001311420046
33 41 0 0.001324487632
33 42 0 0.000770278513
33 43 0 0.000455684492
33 44 0 0.000100447547
33 45 0 0.000080748544
33 46 0 0.001565068865
33 47 0 0.000821716502
34 0 0 0.000154429978
34 1 0 0.002484653303
34 2 0 0.006876189206
34 3 0 0.002125247512
34 4 0 0.002407957127
34 5 0 0.000028485431
34 6 0 0.000046570253
34 7 0 0.000289813178
34 8 0 0.002775051222
34 9 0 0.001809064889
34 10 0 0.000233355494
34 11 0 0.000095502425
34 12 0 0.001231490093
34 13 0 0.000126612840
34 14 0 0.000025923319
34 15 0 0.000303677885
34 16 0 0.005761272537
34 17 0 0.003426833386
34 18 0 0.000329573724
34 19 0 0.000884029591
34 20 0 0.001322493426
34 21 0 0.003878973117
34 22 0 0.000751290784
34 23 0 0.001196506313
34 24 0 0.000759361708
34 25 0 0.001589149580
34 26 0 0.000003326987
34 27 0 0.000586805580
34 28 0 0.000578065728
34 29 0 0.000297024385
34 30 0 0.001496286521
34 31 0 0.003834749883
34 32 0 0.001816417638
34 33 0 0.000071030076
34 35 0 0.000397472304
34 36 0 0.001832010085
34 37 0 0.000518208204
34 38 0 0.003091256232
34 39 0 0.001296284181
34 40 0 0.001482090501
34 41 0 0.001496858724
34 42 0 0.000870523880
34 43 0 0.000514988053
34 44 0 0.000113519963
34 45 0 0.000091257298
34 46 0 0.001768749612
34 47 0 0.000928656098
35 0 0 0.000050892826
35 1 0 0.000818824368
35 2 0 0.002266067171
35 3 0 0.000700381195
35 4 0 0.000793548931
35 5 0 0.000009387452
35 6 0 0.000015347356
35 7 0 0.000095508734
35 8 0 0.000914525806
35 9 0 0.000596182338
35 10 0 0.000076902949
35 11 0 0.000031473088
35 12 0 0.000405840966
35 13 0 0.000041725612
35 14 0 0.000008543101
35 15 0 0.000100077887
35 16 0 0.001898643299
35 17 0 0.001129322420
35 18 0 0.000108611932
35 19 0 0.000291334397
35 20 0 0.000435831366
35 21 0 0.001278326319
35 22 0 0.000247589956
35 23 0 0.000394311965
35 24 0 0.000250249751
35 25 0 0.000523708639
35 26 0 0.000001096418
35 27 0 0.000193383402
35 28 0 0.000190503159
35 29 0 0.000097885208
35 30 0 0.000493105361
35 31 0 0.001263752430
35 32 0 0.000598605456
35 33 0 0.000023408158
35 34 0 0.000495642092
35 36 0 0.000603743990
35 37 0 0.000170776947
35 38 0 0.001018732041
35 39 0 0.000427194037
35 40 0 0.000488427024
35 41 0 0.000493293933
35 42 0 0.000286883552
35 43 0 0.000169715737
35 44 0 0.000037410818
35 45 0 0.000030074095
35 46 0 0.000582896327
35 47 0 0.000306041186
36 0 0 0.000145571102
36 1 0 0.002342121154
36 2 0 0.006481736577
36 3 0 0.002003332677
36 4 0 0.002269824654
36 5 0 0.000026851364
36 6 0 0.000043898750
36 7 0 0.000273188044
36 8 0 0.002615860395
36 9 0 0.001705287872
36 10 0 0.000219969055
36 11 0 0.000090023928
36 12 0 0.001160845658
36 13 0 0.000119349694
36 14 0 0.000024436228
36 15 0 0.000286257401
36 16 0 0.005430777108
36 17 0 0.003230253072
36 18 0 0.000310667726
36 19 0 0.000833317229
36 20 0 0.001246628584
36 21 0 0.003656455804
36 22 0 0.000708192985
36 23 0 0.001127868722
36 24 0 0.000715800920
36 25 0 0.001497988006
36 26 0 0.000003136135
36 27 0 0.000553143475
36 28 0 0.000544904984
36 29 0 0.000279985580
36 30 0 0.001410452037
36 31 0 0.003614769436
36 32 0 0.001712218831
36 33 0 0.000066955435
36 34 0 0.001417707965
36 35 0 0.000374671303
36 37 0 0.000488481188
36 38 0 0.002913926303
36 39 0 0.001221922832
36 40 0 0.001397070372
36 41 0 0.001410991416
36 42 0 0.000820586274
36 43 0 0.000485445761
36 44 0 0.000107007890
36 45 0 0.000086022323
36 46 0 0.001667285281
36 47 0 0.000875383736
37 0 0 0.000374244152
37 1 0 0.006021285370
37 2 0 0.016663692039
37 3 0 0.005150304766
37 4 0 0.005835420580
37 5 0 0.000069031324
37 6 0 0.000112857911
37 7 0 0.000702330521
37 8 0 0.006725032948
37 9 0 0.004384070782
37 10 0 0.000565511503
37 11 0 0.000231439675
37 12 0 0.002984381472
37 13 0 0.000306832361
37 14 0 0.000062822327
37 15 0 0.000735930121
37 16 0 0.013961813503
37 17 0 0.008304555694
37 18 0 0.000798685854
37 19 0 0.002142348970
37 20 0 0.003204918090
37 21 0 0.009400266851
37 22 0 0.001820670997
37 23 0 0.002899602109
37 24 0 0.001840229998
37 25 0 0.003851130098
37 26 0 0.000008062590
37 27 0 0.001422059105
37 28 0 0.001400879030
37 29 0 0.000719806092
37 30 0 0.003626086636
37 31 0 0.009293096682
37 32 0 0.004401889365
37 33 0 0.000172133615
37 34 0 0.003644740671
37 35 0 0.000963230631
37 36 0 0.004439675953
37 38 0 0.007491321185
37 39 0 0.003141402852
37 40 0 0.003591684136
37 41 0 0.003627473308
37 42 0 0.002109619358
37 43 0 0.001248017188
37 44 0 0.000275103207
37 45 0 0.000221152075
37 46 0 0.004286371119
37 47 0 0.002250496425
38 0 0 0.000205392676
38 1 0 0.003304601849
38 2 0 0.009145367500
38 3 0 0.002826590273
38 4 0 0.003202595535
38 5 0 0.000037885771
38 6 0 0.000061938679
38 7 0 0.000385453038
38 8 0 0.003690832596
38 9 0 0.002406065736
38 10 0 0.000310364024
38 11 0 0.000127018723
38 12 0 0.001637888246
38 13 0 0.000168395737
38 14 0 0.000034478149
38 15 0 0.000403893170
38 16 0 0.007662522516
38 17 0 0.004557706273
38 18 0 0.000438334772
38 19 0 0.001175763966
38 20 0 0.001758923153
38 21 0 0.005159054473
38 22 0 0.000999220661
38 23 0 0.001591359635
38 24 0 0.001009955031
38 25 0 0.002113577228
38 26 0 0.000004424910
38 27 0 0.000780454481
38 28 0 0.000768830432
38 29 0 0.000395043981
38 30 0 0.001990068875
38 31 0 0.005100237340
38 32 0 0.002415844930
38 33 0 0.000094470371
38 34 0 0.002000306583
38 35 0 0.000528640237
38 36 0 0.002436582966
38 37 0 0.000689219614
38 39 0 0.001724064720
38 40 0 0.001971188095
38 41 0 0.001990829908
38 42 0 0.001157801300
38 43 0 0.000684936796
38 44 0 0.000150982143
38 45 0 0.000121372682
38 46 0 0.002352446207
38 47 0 0.001235117453
39 0 0 0.000043539755
39 1 0 0.000700519405
39 2 0 0.001938662415
39 3 0 0.000599189079
39 4 0 0.000678895801
39 5 0 0.000008031139
39 6 0 0.000013129947
39 7 0 0.000081709490
39 8 0 0.000782393757
39 9 0 0.000510045027
39 10 0 0.000065791896
39 11 0 0.000026925810
39 12 0 0.000347204460
39 13 0 0.000035697033
39 14 0 0.000007308781
39 15 0 0.000085618485
39 16 0 0.001624324491
39 17 0 0.000966156237
39 18 0 0.000092919519
39 19 0 0.000249241970
39 20 0 0.000372861802
39 21 0 0.001093631831
39 22 0 0.000211817791
39 23 0 0.000337341185
39 24 0 0.000214093295
39 25 0 0.000448042436
39 26 0 0.000000938006
39 27 0 0.000165443080
39 28 0 0.000162978980
39 29 0 0.000083742607
39 30 0 0.000421860765
39 31 0 0.001081163599
39 32 0 0.000512118050
39 33 0 0.000020026112
39 34 0 0.000424030985
39 35 0 0.000112062742
39 36 0 0.000516514161
39 37 0 0.000146102840
39 38 0 0.000871544120
39 40 0 0.000417858361
39 41 0 0.000422022091
39 42 0 0.000245434190
39 43 0 0.000145194955
39 44 0 0.000032005647
39 45 0 0.000025728945
39 46 0 0.000498678598
39 47 0 0.000261823900
40 0 0 0.000144108791
40 1 0 0.002318593758
40 2 0 0.006416625351
40 3 0 0.001983208526
40 4 0 0.002247023501
40 5 0 0.000026581633
40 6 0 0.000043457772
40 7 0 0.000270443778
40 8 0 0.002589583196
40 9 0 0.001688157681
40 10 0 0.000217759392
40 11 0 0.000089119607
40 12 0 0.001149184572
40 13 0 0.000118150786
40 14 0 0.000024190758
40 15 0 0.000283381849
40 16 0 0.005376223124
40 17 0 0.003197804092
40 18 0 0.000307546964
40 19 0 0.000824946277
40 20 0 0.001234105780
40 21 0 0.003619725475
40 22 0 0.000701078948
40 23 0 0.001116538901
40 24 0 0.000708610459
40 25 0 0.001482940212
40 26 0 0.000003104631
40 27 0 0.000547586962
40 28 0 0.000539431230
40 29 0 0.000277173030
40 30 0 0.001396283571
40 31 0 0.003578457860
40 32 0 0.001695019016
40 33 0 0.000066282845
40 34 0 0.001403466611
40 35 0 0.000370907604
40 36 0 0.001709569356
40 37 0 0.000483574230
40 38 0 0.002884654932
40 39 0 0.001209648206
40 41 0 0.001396817532
40 42 0 0.000812343208
40 43 0 0.000480569295
40 44 0 0.000105932959
40 45 0 0.000085158200
40 46 0 0.001650536839
40 47 0 0.000866590212
41 0 0 0.000009664355
41 1 0 0.000155491641
41 2 0 0.000430317558
41 3 0 0.000132999732
41 4 0 0.000150691931
41 5 0 0.000001782642
41 6 0 0.000002914405
41 7 0 0.000018136746
41 8 0 0.000173664981
41 9 0 0.000113212764
41 10 0 0.000014603578
41 11 0 0.000005976620
41 12 0 0.000077067660
41 13 0 0.000007923535
41 14 0 0.000001622303
41 15 0 0.000019004411
41 16 0 0.000360545159
41 17 0 0.000214454043
41 18 0 0.000020624994
41 19 0 0.000055323297
41 20 0 0.000082762723
41 21 0 0.000242749318
41 22 0 0.000047016393
41 23 0 0.000074878346
41 24 0 0.000047521478
41 25 0 0.000099450284
41 26 0 0.000000208206
41 27 0 0.000036722774
41 28 0 0.000036175827
41 29 0 0.000018588030
41 30 0 0.000093638837
41 31 0 0.000239981792
41 32 0 0.000113672905
41 33 0 0.000004445120
41 34 0 0.000094120553
41 35 0 0.000024874143
41 36 0 0.000114648693
41 37 0 0.000032429894
41 38 0 0.000193453350
41 39 0 0.000081122527
41 40 0 0.000092750439
41 42 0 0.000054478098
41 43 0 0.000032228375
41 44 0 0.000007104172
41 45 0 0.000005710957
41 46 0 0.000110689801
41 47 0 0.000058116060
42 0 0 0.000160433420
42 1 0 0.002581243822
42 2 0 0.007143500015
42 3 0 0.002207866185
42 4 0 0.002501566094
42 5 0 0.000029592797
42 6 0 0.000048380664
42 7 0 0.000301079621
42 8 0 0.002882930916
42 9 0 0.001879392011
42 10 0 0.000242427154
42 11 0 0.000099215067
42 12 0 0.001279364083
42 13 0 0.000131534895
42 14 0 0.000026931084
42 15 0 0.000315483316
42 16 0 0.005985241130
42 17 0 0.003560051013
42 18 0 0.000342385853
42 19 0 0.000918396107
42 20 0 0.001373905157
42 21 0 0.004029767607
42 22 0 0.000780497099
42 23 0 0.001243020314
42 24 0 0.000788881779
42 25 0 0.001650927528
42 26 0 0.000003456323
42 27 0 0.000609617557
42 28 0 0.000600537945
42 29 0 0.000308571163
42 30 0 0.001554454432
42 31 0 0.003983825201
42 32 0 0.001887030597
42 33 0 0.000073791359
42 34 0 0.001562451165
42 35 0 0.000412923980
42 36 0 0.001903229198
42 37 0 0.000538353469
42 38 0 0.003211428348
42 39 0 0.001346677031
42 40 0 0.001539706544
42 41 0 0.001555048879
42 43 0 0.000535008135
42 44 0 0.000117933034
42 45 0 0.000094804912
42 46 0 0.001837509484
42 47 0 0.000964757462
43 0 0 0.000410096753
43 1 0 0.006598124689
43 2 0 0.018260074236
43 3 0 0.005643704117
43 4 0 0.006394454046
43 5 0 0.000075644527
43 6 0 0.000123669702
43 7 0 0.000769613806
43 8 0 0.007369291305
43 9 0 0.004804064894
43 10 0 0.000619687522
43 11 0 0.000253611603
43 12 0 0.003270285306
43 13 0 0.000336226911
43 14 0 0.000068840707
43 15 0 0.000806432248
43 16 0 0.015299355655
43 17 0 0.009100132378
43 18 0 0.000875199983
43 19 0 0.002347586066
43 20 0 0.003511949339
43 21 0 0.010300812697
43 22 0 0.001995091333
43 23 0 0.003177384077
43 24 0 0.002016524087
43 25 0 0.004220068476
43 26 0 0.000008834986
43 27 0 0.001558292410
43 28 0 0.001535083283
43 29 0 0.000788763537
43 30 0 0.003973465844
43 31 0 0.010183375622
43 32 0 0.004823590498
43 33 0 0.000188624021
43 34 0 0.003993906937
43 35 0 0.001055508155
43 36 0 0.004864997042
43 37 0 0.001376128550
43 38 0 0.008208989979
43 39 0 0.003442349340
43 40 0 0.003935767583
43 41 0 0.003974985360
43 42 0 0.002311720955
43 44 0 0.000301458103
43 45 0 0.000242338451
43 46 0 0.004697005601
43 47 0 0.002466094050
44 0 0 0.000169520089
44 1 0 0.002727440975
44 2 0 0.007548095411
44 3 0 0.002332915880
44 4 0 0.002643250439
44 5 0 0.000031268882
44 6 0 0.000051120861
44 7 0 0.000318132247
44 8 0 0.003046215101
44 9 0 0.001985837501
44 10 0 0.000256157805
44 11 0 0.000104834436
44 12 0 0.001351825036
44 13 0 0.000138984802
44 14 0 0.000028456414
44 15 0 0.000333351742
44 16 0 0.006324234760
44 17 0 0.003761686100
44 18 0 0.000361777991
44 19 0 0.000970412463
44 20 0 0.001451720751
44 21 0 0.004258006624
44 22 0 0.000824703095
44 23 0 0.001313422819
44 24 0 0.000833562669
44 25 0 0.001744433187
44 26 0 0.000003652084
44 27 0 0.000644145234
44 28 0 0.000634551368
44 29 0 0.000326048096
44 30 0 0.001642496023
44 31 0 0.004209462120
44 32 0 0.001993908723
44 33 0 0.000077970773
44 34 0 0.001650945677
44 35 0 0.000436311274
44 36 0 0.002011024784
44 37 0 0.000568844872
44 38 0 0.003393318055
44 39 0 0.001422950472
44 40 0 0.001626912840
44 41 0 0.001643124139
44 42 0 0.000955587042
44 43 0 0.000565310064
44 45 0 0.000100174497
44 46 0 0.001941582820
44 47 0 0.001019399644
45 0 0 0.000011381300
45 1 0 0.000183115901
45 2 0 0.000506766711
45 3 0 0.000156628135
45 4 0 0.000177463487
45 5 0 0.000002099341
45 6 0 0.000003432170
45 7 0 0.000021358876
45 8 0 0.000204517871
45 9 0 0.000133325863
45 10 0 0.000017198014
45 11 0 0.000007038412
45 12 0 0.000090759309
45 13 0 0.000009331211
45 14 0 0.000001910517
45 15 0 0.000022380688
45 16 0 0.000424598720
45 17 0 0.000252553418
45 18 0 0.000024289179
45 19 0 0.000065151897
45 20 0 0.000097466143
45 21 0 0.000285875561
45 22 0 0.000055369209
45 23 0 0.000088181048
45 24 0 0.000055964027
45 25 0 0.000117118375
45 26 0 0.000000245195
45 27 0 0.000043246852
45 28 0 0.000042602735
45 29 0 0.000021890333
45 30 0 0.000110274481
45 31 0 0.000282616363
45 32 0 0.000133867752
45 33 0 0.000005234829
45 34 0 0.000110841777
45 35 0 0.000029293221
45 36 0 0.000135016896
45 37 0 0.000038191309
45 38 0 0.000227821793
45 39 0 0.000095534554
45 40 0 0.000109228252
45 41 0 0.000110316652
45 42 0 0.000064156542
45 43 0 0.000037953988
45 44 0 0.000008366282
45 46 0 0.000130354677
45 47 0 0.000068440815
46 0 0 0.000037093193
46 1 0 0.000596799435
46 2 0 0.001651621105
46 3 0 0.000510472231
46 4 0 0.000578377455
46 5 0 0.000006842037
46 6 0 0.000011185907
46 7 0 0.000069611459
46 8 0 0.000666551345
46 9 0 0.000434526983
46 10 0 0.000056050648
46 11 0 0.000022939133
46 12 0 0.000295796839
46 13 0 0.000030411676
46 14 0 0.000006226632
46 15 0 0.000072941682
46 16 0 0.001383824533
46 17 0 0.000823105673
46 18 0 0.000079161713
46 19 0 0.000212338824
46 20 0 0.000317655316
46 21 0 0.000931707036
46 22 0 0.000180455726
46 23 0 0.000287393936
46 24 0 0.000182394316
46 25 0 0.000381704591
46 26 0 0.000000799123
46 27 0 0.000140947326
46 28 0 0.000138848064
46 29 0 0.000071343549
46 30 0 0.000359399418
46 31 0 0.000921084870
46 32 0 0.000436293071
46 33 0 0.000017061016
46 34 0 0.000361248312
46 35 0 0.000095470562
46 36 0 0.000440038287
46 37 0 0.000124470631
46 38 0 0.000742501970
46 39 0 0.000311360006
46 40 0 0.000355989615
46 41 0 0.000359536858
46 42 0 0.000209094830
46 43 0 0.000123697169
46 44 0 0.000027266842
46 45 0 0.000021919478
46 47 0 0.000223057854
47 0 0 0.000462292987
47 1 0 0.007437919827
47 2 0 0.020584177265
47 3 0 0.006362022656
47 4 0 0.007208326423
47 5 0 0.000085272400
47 6 0 0.000139410116
47 7 0 0.000867568598
47 8 0 0.008307238875
47 9 0 0.005415515956
47 10 0 0.000698560019
47 11 0 0.000285890743
47 12 0 0.003686520196
47 13 0 0.000379021150
47 14 0 0.000077602605
47 15 0 0.000909073213
47 16 0 0.017246624782
47 17 0 0.010258377682
47 18 0 0.000986593557
47 19 0 0.002646381778
47 20 0 0.003958942708
47 21 0 0.011611878013
47 22 0 0.002249022273
47 23 0 0.003581794698
47 24 0 0.002273182942
47 25 0 0.004757189728
47 26 0 0.000009959484
47 27 0 0.001756628521
47 28 0 0.001730465387
47 29 0 0.000889155666
47 30 0 0.004479200043
47 31 0 0.011479493800
47 32 0 0.005437526736
47 33 0 0.000212631681
47 34 0 0.004502242834
47 35 0 0.001189850966
47 36 0 0.005484203417
47 37 0 0.001551279236
47 38 0 0.009253812592
47 39 0 0.003880484170
47 40 0 0.004436703628
47 41 0 0.004480912959
47 42 0 0.002605951833
47 43 0 0.001541639570
47 44 0 0.000339827043
47 45 0 0.000273182768
47 46 0 0.005294830386
